8.468306e+02
8.493737e+02
1.267157e+03
1.803426e+03
2.472970e+03
3.290581e+03
4.271050e+03
5.429168e+03
6.779727e+03
8.337518e+03
1.011733e+04
1.213396e+04
1.440219e+04
1.693682e+04
1.975263e+04
2.286443e+04
8.468306e+02
8.493737e+02
1.267157e+03
1.803426e+03
2.472970e+03
3.290581e+03
4.271050e+03
5.429168e+03
6.779727e+03
8.337518e+03
1.011733e+04
1.213396e+04
1.440219e+04
1.693682e+04
1.975263e+04
2.286443e+04
8.468306e+02
8.493736e+02
1.267157e+03
1.803426e+03
2.472970e+03
3.290581e+03
4.271050e+03
5.429168e+03
6.779727e+03
8.337517e+03
1.011733e+04
1.213396e+04
1.440219e+04
1.693682e+04
1.975263e+04
2.286443e+04
8.468283e+02
8.493713e+02
1.267154e+03
1.803421e+03
2.472963e+03
3.290572e+03
4.271038e+03
5.429154e+03
6.779709e+03
8.337495e+03
1.011730e+04
1.213392e+04
1.440215e+04
1.693677e+04
1.975258e+04
2.286436e+04
8.468224e+02
8.493654e+02
1.267145e+03
1.803408e+03
2.472946e+03
3.290549e+03
4.271008e+03
5.429116e+03
6.779661e+03
8.337436e+03
1.011723e+04
1.213384e+04
1.440205e+04
1.693665e+04
1.975244e+04
2.286420e+04
8.468007e+02
8.493436e+02
1.267113e+03
1.803362e+03
2.472882e+03
3.290465e+03
4.270899e+03
5.428977e+03
6.779488e+03
8.337223e+03
1.011697e+04
1.213353e+04
1.440168e+04
1.693622e+04
1.975193e+04
2.286362e+04
8.467309e+02
8.492736e+02
1.267008e+03
1.803213e+03
2.472679e+03
3.290193e+03
4.270547e+03
5.428529e+03
6.778929e+03
8.336536e+03
1.011614e+04
1.213253e+04
1.440049e+04
1.693482e+04
1.975031e+04
2.286173e+04
8.466879e+02
8.492305e+02
1.266944e+03
1.803122e+03
2.472553e+03
3.290026e+03
4.270330e+03
5.428253e+03
6.778584e+03
8.336112e+03
1.011563e+04
1.213191e+04
1.439976e+04
1.693396e+04
1.974930e+04
2.286057e+04
8.466053e+02
8.491477e+02
1.266820e+03
1.802946e+03
2.472312e+03
3.289705e+03
4.269914e+03
5.427724e+03
6.777923e+03
8.335299e+03
1.011464e+04
1.213073e+04
1.439836e+04
1.693231e+04
1.974738e+04
2.285834e+04
8.464563e+02
8.489982e+02
1.266597e+03
1.802628e+03
2.471877e+03
3.289126e+03
4.269162e+03
5.426768e+03
6.776730e+03
8.333832e+03
1.011286e+04
1.212859e+04
1.439582e+04
1.692933e+04
1.974390e+04
2.285432e+04
8.462184e+02
8.487596e+02
1.266241e+03
1.802122e+03
2.471182e+03
3.288202e+03
4.267962e+03
5.425243e+03
6.774826e+03
8.331490e+03
1.011002e+04
1.212518e+04
1.439178e+04
1.692457e+04
1.973835e+04
2.284790e+04
8.458425e+02
8.483825e+02
1.265679e+03
1.801321e+03
2.470084e+03
3.286741e+03
4.266066e+03
5.422833e+03
6.771816e+03
8.327788e+03
1.010552e+04
1.211980e+04
1.438538e+04
1.691705e+04
1.972958e+04
2.283775e+04
8.452459e+02
8.477842e+02
1.264786e+03
1.800051e+03
2.468342e+03
3.284423e+03
4.263058e+03
5.419009e+03
6.767040e+03
8.321915e+03
1.009840e+04
1.211125e+04
1.437524e+04
1.690512e+04
1.971567e+04
2.282164e+04
8.442948e+02
8.468302e+02
1.263363e+03
1.798025e+03
2.465565e+03
3.280727e+03
4.258261e+03
5.412911e+03
6.759426e+03
8.312551e+03
1.008703e+04
1.209762e+04
1.435906e+04
1.688610e+04
1.969348e+04
2.279596e+04
8.427779e+02
8.453088e+02
1.261093e+03
1.794795e+03
2.461135e+03
3.274833e+03
4.250610e+03
5.403186e+03
6.747281e+03
8.297617e+03
1.006891e+04
1.207589e+04
1.433326e+04
1.685576e+04
1.965810e+04
2.275500e+04
8.403699e+02
8.428935e+02
1.257490e+03
1.789667e+03
2.454103e+03
3.265476e+03
4.238465e+03
5.387748e+03
6.728002e+03
8.273908e+03
1.004014e+04
1.204138e+04
1.429231e+04
1.680760e+04
1.960193e+04
2.268999e+04
8.365660e+02
8.390782e+02
1.251798e+03
1.781566e+03
2.442995e+03
3.250695e+03
4.219280e+03
5.363360e+03
6.697549e+03
8.236457e+03
9.994697e+03
1.198688e+04
1.422762e+04
1.673152e+04
1.951321e+04
2.258728e+04
8.306100e+02
8.331043e+02
1.242886e+03
1.768882e+03
2.425601e+03
3.227551e+03
4.189240e+03
5.325175e+03
6.649865e+03
8.177816e+03
9.923538e+03
1.190154e+04
1.412632e+04
1.661240e+04
1.937428e+04
2.242647e+04
8.214068e+02
8.238735e+02
1.229114e+03
1.749283e+03
2.398725e+03
3.191790e+03
4.142823e+03
5.266172e+03
6.576184e+03
8.087206e+03
9.813584e+03
1.176967e+04
1.396980e+04
1.642833e+04
1.915961e+04
2.217798e+04
8.074636e+02
8.098884e+02
1.208250e+03
1.719589e+03
2.358008e+03
3.137610e+03
4.072500e+03
5.176780e+03
6.464555e+03
7.949928e+03
9.647002e+03
1.156988e+04
1.373267e+04
1.614947e+04
1.883438e+04
2.180152e+04
7.869271e+02
7.892902e+02
1.177521e+03
1.675854e+03
2.298036e+03
3.057810e+03
3.968922e+03
5.045117e+03
6.300139e+03
7.747734e+03
9.401645e+03
1.127562e+04
1.338340e+04
1.573873e+04
1.835536e+04
2.124703e+04
7.578208e+02
7.600966e+02
1.133967e+03
1.613869e+03
2.213038e+03
2.944710e+03
3.822123e+03
4.858512e+03
6.067115e+03
7.461167e+03
9.053905e+03
1.085857e+04
1.288838e+04
1.515660e+04
1.767645e+04
2.046116e+04
7.185533e+02
7.207111e+02
1.075209e+03
1.530244e+03
2.098366e+03
2.792126e+03
3.624074e+03
4.606762e+03
5.752739e+03
7.074556e+03
8.584764e+03
1.029591e+04
1.222056e+04
1.437124e+04
1.676052e+04
1.940094e+04
6.685975e+02
6.706053e+02
1.000458e+03
1.423857e+03
1.952482e+03
2.598010e+03
3.372119e+03
4.286487e+03
5.352793e+03
6.582714e+03
7.987928e+03
9.580114e+03
1.137095e+04
1.337211e+04
1.559528e+04
1.805213e+04
6.090071e+02
6.108360e+02
9.112895e+02
1.296953e+03
1.778462e+03
2.366456e+03
3.071571e+03
3.904444e+03
4.875712e+03
5.996013e+03
7.275985e+03
8.726263e+03
1.035749e+04
1.218029e+04
1.420531e+04
1.644319e+04
5.423833e+02
5.440120e+02
8.115967e+02
1.155069e+03
1.583903e+03
2.107571e+03
2.735548e+03
3.477307e+03
4.342321e+03
5.340064e+03
6.480010e+03
7.771631e+03
9.224402e+03
1.084780e+04
1.265129e+04
1.464435e+04
4.722317e+02
4.736498e+02
7.066252e+02
1.005673e+03
1.379042e+03
1.834979e+03
2.381734e+03
3.027554e+03
3.780687e+03
4.649383e+03
5.641888e+03
6.766452e+03
8.031323e+03
9.444748e+03
1.101498e+04
1.275026e+04
4.020983e+02
4.033058e+02
6.016809e+02
8.563157e+02
1.174234e+03
1.562458e+03
2.028011e+03
2.577917e+03
3.219199e+03
3.958881e+03
4.803985e+03
5.761534e+03
6.838552e+03
8.042063e+03
9.379089e+03
1.085665e+04
3.349568e+02
3.359627e+02
5.012135e+02
7.133300e+02
9.781626e+02
1.301562e+03
1.689378e+03
2.147462e+03
2.681665e+03
3.297835e+03
4.001826e+03
4.799486e+03
5.696666e+03
6.699217e+03
7.812989e+03
9.043833e+03
2.730052e+02
2.738251e+02
4.085122e+02
5.813969e+02
7.972477e+02
1.060833e+03
1.376921e+03
1.750281e+03
2.185680e+03
2.687888e+03
3.261673e+03
3.911802e+03
4.643046e+03
5.460171e+03
6.367947e+03
7.371141e+03
2.177106e+02
2.183644e+02
3.257719e+02
4.636405e+02
6.357728e+02
8.459714e+02
1.098039e+03
1.395778e+03
1.742992e+03
2.143482e+03
2.601052e+03
3.119504e+03
3.702641e+03
4.354266e+03
5.078180e+03
5.878187e+03
1.698998e+02
1.704100e+02
2.542300e+02
3.618217e+02
4.961524e+02
6.601899e+02
8.569016e+02
1.089255e+03
1.360218e+03
1.672758e+03
2.029842e+03
2.434438e+03
2.889514e+03
3.398037e+03
3.962975e+03
4.587294e+03
1.298253e+02
1.302152e+02
1.942645e+02
2.764784e+02
3.791244e+02
5.044702e+02
6.547833e+02
8.323314e+02
1.039382e+03
1.278203e+03
1.551061e+03
1.860225e+03
2.207961e+03
2.596538e+03
3.028224e+03
3.505284e+03
9.723580e+01
9.752780e+01
1.454991e+02
2.070751e+02
2.839543e+02
3.778350e+02
4.904156e+02
6.233945e+02
7.784699e+02
9.573404e+02
1.161704e+03
1.393260e+03
1.653705e+03
1.944740e+03
2.268060e+03
2.625367e+03
7.148373e+01
7.169840e+01
1.069649e+02
1.522330e+02
2.087514e+02
2.777687e+02
3.605333e+02
4.582938e+02
5.722989e+02
7.037970e+02
8.540368e+02
1.024267e+03
1.215736e+03
1.429692e+03
1.667384e+03
1.930061e+03
5.166858e+01
5.182374e+01
7.731443e+01
1.100343e+02
1.508860e+02
2.007717e+02
2.605942e+02
3.312557e+02
4.136588e+02
5.087059e+02
6.172995e+02
7.403421e+02
8.787362e+02
1.033384e+03
1.205189e+03
1.395052e+03
3.678387e+01
3.689433e+01
5.504164e+01
7.833558e+01
1.074186e+02
1.429333e+02
1.855220e+02
2.358273e+02
2.944917e+02
3.621576e+02
4.394675e+02
5.270639e+02
6.255893e+02
7.356862e+02
8.579971e+02
9.931644e+02
2.583885e+01
2.591644e+01
3.866403e+01
5.502687e+01
7.545628e+01
1.004036e+02
1.303200e+02
1.656570e+02
2.068658e+02
2.543978e+02
3.087042e+02
3.702363e+02
4.394456e+02
5.167832e+02
6.027005e+02
6.976488e+02
1.793960e+01
1.799347e+01
2.684397e+01
3.820450e+01
5.238839e+01
6.970899e+01
9.047965e+01
1.150137e+02
1.436245e+02
1.766253e+02
2.143296e+02
2.570507e+02
3.051018e+02
3.587964e+02
4.184477e+02
4.843692e+02
1.232987e+01
1.236690e+01
1.844984e+01
2.625792e+01
3.600650e+01
4.791094e+01
6.218659e+01
7.904882e+01
9.871299e+01
1.213945e+02
1.473086e+02
1.766707e+02
2.096962e+02
2.466005e+02
2.875988e+02
3.329066e+02
