3.389066e+00
3.398579e+00
4.903757e+00
6.726922e+00
8.810134e+00
1.101901e+01
1.316065e+01
1.497806e+01
1.606121e+01
1.662717e+01
1.728233e+01
1.751045e+01
1.759076e+01
1.766154e+01
1.706992e+01
1.567537e+01
3.388724e+00
3.398236e+00
4.903231e+00
6.726168e+00
8.809114e+00
1.101770e+01
1.315905e+01
1.497620e+01
1.605918e+01
1.662516e+01
1.728009e+01
1.750816e+01
1.758845e+01
1.765920e+01
1.706763e+01
1.567325e+01
3.388349e+00
3.397860e+00
4.902630e+00
6.725267e+00
8.807844e+00
1.101600e+01
1.315691e+01
1.497367e+01
1.605637e+01
1.662154e+01
1.727692e+01
1.750489e+01
1.758511e+01
1.765580e+01
1.706430e+01
1.567011e+01
3.387496e+00
3.397004e+00
4.901325e+00
6.723389e+00
8.805282e+00
1.101268e+01
1.315280e+01
1.496885e+01
1.605109e+01
1.661638e+01
1.727106e+01
1.749886e+01
1.757898e+01
1.764960e+01
1.705823e+01
1.566444e+01
3.386186e+00
3.395689e+00
4.899291e+00
6.720423e+00
8.801192e+00
1.100732e+01
1.314614e+01
1.496101e+01
1.604246e+01
1.660723e+01
1.726144e+01
1.748898e+01
1.756892e+01
1.763941e+01
1.704825e+01
1.565509e+01
3.384041e+00
3.393538e+00
4.895961e+00
6.715561e+00
8.794474e+00
1.099849e+01
1.313515e+01
1.494805e+01
1.602819e+01
1.659212e+01
1.724553e+01
1.747262e+01
1.755226e+01
1.762252e+01
1.703171e+01
1.563960e+01
3.380554e+00
3.390038e+00
4.890522e+00
6.707582e+00
8.783407e+00
1.098391e+01
1.311694e+01
1.492655e+01
1.600452e+01
1.656715e+01
1.721913e+01
1.744546e+01
1.752461e+01
1.759449e+01
1.700426e+01
1.561388e+01
3.374902e+00
3.384367e+00
4.881676e+00
6.694559e+00
8.765276e+00
1.095994e+01
1.308694e+01
1.489107e+01
1.596543e+01
1.652590e+01
1.717555e+01
1.740064e+01
1.747897e+01
1.754823e+01
1.695895e+01
1.557144e+01
3.365807e+00
3.375241e+00
4.867384e+00
6.673425e+00
8.735733e+00
1.092076e+01
1.303778e+01
1.483284e+01
1.590126e+01
1.645829e+01
1.710399e+01
1.732704e+01
1.740404e+01
1.747228e+01
1.688456e+01
1.550175e+01
3.351212e+00
3.360596e+00
4.844355e+00
6.639242e+00
8.687781e+00
1.085698e+01
1.295760e+01
1.473776e+01
1.579648e+01
1.634802e+01
1.698716e+01
1.720690e+01
1.728173e+01
1.734830e+01
1.676314e+01
1.538802e+01
3.327830e+00
3.337132e+00
4.807354e+00
6.584185e+00
8.610378e+00
1.075388e+01
1.282787e+01
1.458386e+01
1.562692e+01
1.626559e+01
1.679821e+01
1.701263e+01
1.708398e+01
1.714790e+01
1.656691e+01
1.520427e+01
3.290539e+00
3.299712e+00
4.748301e+00
6.496300e+00
8.486818e+00
1.058936e+01
1.262102e+01
1.433866e+01
1.535698e+01
1.610348e+01
1.649774e+01
1.670384e+01
1.676981e+01
1.682962e+01
1.625540e+01
1.491278e+01
3.231806e+00
3.240775e+00
4.655498e+00
6.358561e+00
8.293670e+00
1.033291e+01
1.229945e+01
1.395832e+01
1.493892e+01
1.569971e+01
1.583072e+01
1.622699e+01
1.628504e+01
1.633880e+01
1.577542e+01
1.446418e+01
3.141543e+00
3.150201e+00
4.513693e+00
6.149338e+00
8.001922e+00
9.947650e+00
1.181875e+01
1.339196e+01
1.431794e+01
1.504958e+01
1.524529e+01
1.540293e+01
1.556907e+01
1.561456e+01
1.506807e+01
1.380433e+01
3.008217e+00
3.016427e+00
4.306224e+00
5.846066e+00
7.582682e+00
9.398526e+00
1.113843e+01
1.259486e+01
1.344697e+01
1.412472e+01
1.434828e+01
1.445254e+01
1.441547e+01
1.460812e+01
1.408683e+01
1.289135e+01
2.822036e+00
2.829638e+00
4.020283e+00
5.433238e+00
7.018432e+00
8.667110e+00
1.024024e+01
1.154976e+01
1.230994e+01
1.291809e+01
1.312462e+01
1.323564e+01
1.322876e+01
1.319522e+01
1.276303e+01
1.171963e+01
2.579917e+00
2.586756e+00
3.654299e+00
4.912522e+00
6.315993e+00
7.767168e+00
9.145781e+00
1.028607e+01
1.094183e+01
1.146930e+01
1.164502e+01
1.173327e+01
1.172284e+01
1.174473e+01
1.124392e+01
1.033665e+01
2.289661e+00
2.295623e+00
3.223020e+00
4.308308e+00
5.511845e+00
6.748994e+00
7.919284e+00
8.880719e+00
9.427922e+00
9.870306e+00
1.000810e+01
1.008111e+01
1.007287e+01
1.007372e+01
9.679008e+00
8.726945e+00
1.969585e+00
1.974620e+00
2.755234e+00
3.662412e+00
4.662823e+00
5.685352e+00
6.648730e+00
7.434770e+00
7.877343e+00
8.237188e+00
8.340830e+00
8.393005e+00
8.378466e+00
8.374106e+00
8.041648e+00
7.286913e+00
1.642766e+00
1.646892e+00
2.284343e+00
3.020186e+00
3.827293e+00
4.647691e+00
5.417611e+00
6.041485e+00
6.388875e+00
6.672936e+00
6.747953e+00
6.783189e+00
6.765390e+00
6.761303e+00
6.485932e+00
5.877634e+00
1.329904e+00
1.333186e+00
1.838635e+00
2.418218e+00
3.050521e+00
3.689670e+00
4.287141e+00
4.767843e+00
5.032394e+00
5.250026e+00
5.301492e+00
5.324168e+00
5.305292e+00
5.297951e+00
5.078556e+00
4.604406e+00
1.045541e+00
1.048075e+00
1.437202e+00
1.880385e+00
2.361254e+00
2.844593e+00
3.294646e+00
3.654049e+00
3.849360e+00
4.011093e+00
4.044753e+00
4.057419e+00
4.039770e+00
4.031012e+00
3.861815e+00
3.498596e+00
7.981816e-01
8.000816e-01
1.090868e+00
1.419799e+00
1.774788e+00
2.129612e+00
2.458760e+00
2.719595e+00
2.859442e+00
2.976068e+00
2.996775e+00
3.003032e+00
2.986820e+00
2.978554e+00
2.850869e+00
2.578980e+00
5.917161e-01
5.930992e-01
8.041418e-01
1.041303e+00
1.295956e+00
1.549148e+00
1.783212e+00
1.967286e+00
2.064620e+00
2.146393e+00
2.158364e+00
2.160652e+00
2.147105e+00
2.139735e+00
2.046038e+00
1.848479e+00
4.263454e-01
4.273249e-01
5.763513e-01
7.428082e-01
9.207274e-01
1.096781e+00
1.259044e+00
1.385731e+00
1.451818e+00
1.507750e+00
1.514259e+00
1.514421e+00
1.503662e+00
1.497660e+00
1.431028e+00
1.291124e+00
2.991658e-01
2.998423e-01
4.025185e-01
5.165904e-01
6.380352e-01
7.577043e-01
8.677191e-01
9.530493e-01
9.970016e-01
1.034462e+00
1.037775e+00
1.037031e+00
1.028882e+00
1.024281e+00
9.780185e-01
8.814243e-01
2.050210e-01
2.054782e-01
2.747282e-01
3.513110e-01
4.325717e-01
5.123599e-01
5.855562e-01
6.420012e-01
6.707451e-01
6.954008e-01
6.969648e-01
6.959721e-01
6.900707e-01
6.866924e-01
6.552822e-01
5.900049e-01
1.376649e-01
1.379683e-01
1.838410e-01
2.343758e-01
2.878490e-01
3.401973e-01
3.881376e-01
4.249232e-01
4.434695e-01
4.594685e-01
4.601347e-01
4.592069e-01
4.550710e-01
4.526855e-01
4.317617e-01
3.884433e-01
9.086125e-02
9.105952e-02
1.209956e-01
1.538689e-01
1.885743e-01
2.224662e-01
2.534603e-01
2.771430e-01
2.889810e-01
2.992434e-01
2.994793e-01
2.987287e-01
2.959079e-01
2.942719e-01
2.805535e-01
2.522334e-01
5.911935e-02
5.924731e-02
7.854399e-02
9.967809e-02
1.219484e-01
1.436525e-01
1.634778e-01
1.785731e-01
1.860637e-01
1.925848e-01
1.926315e-01
1.920709e-01
1.901881e-01
1.890918e-01
1.802148e-01
1.619402e-01
3.801566e-02
3.809738e-02
5.041034e-02
6.386638e-02
7.802396e-02
9.179840e-02
1.043685e-01
1.139113e-01
1.186174e-01
1.227292e-01
1.227036e-01
1.223056e-01
1.210703e-01
1.203489e-01
1.146665e-01
1.029927e-01
2.420894e-02
2.426069e-02
3.205182e-02
4.055008e-02
4.948052e-02
5.815710e-02
6.606876e-02
7.206011e-02
7.499931e-02
7.757517e-02
7.752996e-02
7.725696e-02
7.645757e-02
7.598956e-02
7.238456e-02
6.499112e-02
1.529274e-02
1.532528e-02
2.022072e-02
2.555287e-02
3.114978e-02
3.658117e-02
4.153042e-02
4.527051e-02
4.709711e-02
4.870209e-02
4.865842e-02
4.847577e-02
4.796413e-02
4.766402e-02
4.539381e-02
4.074449e-02
9.595886e-03
9.616223e-03
1.267426e-02
1.600081e-02
1.948936e-02
2.287133e-02
2.595133e-02
2.827467e-02
2.940499e-02
3.040041e-02
3.036507e-02
3.024510e-02
2.992056e-02
2.972989e-02
2.830911e-02
2.540289e-02
5.987222e-03
5.999869e-03
7.900611e-03
9.965977e-03
1.213022e-02
1.422654e-02
1.613473e-02
1.757191e-02
1.826877e-02
1.888367e-02
1.885741e-02
1.877972e-02
1.857537e-02
1.845516e-02
1.757066e-02
1.576325e-02
